10000
2 90
2 72
9 28
9 11
8 7
2 16
2 96
3 44
2 25
9 68
6 75
4 76
10 53
4 90
3 77
5 5
10 18
3 79
3 17
2 74
7 14
1 26
6 90
4 8
4 26
8 1
10 70
4 10
6 82
9 24
10 5
10 0
9 62
3 62
9 61
8 66
8 69
9 39
8 28
1 62
9 73
10 60
5 1
8 99
3 53
1 26
9 17
2 50
7 74
5 76
7 71
1 35
1 37
8 34
10 36
6 43
1 83
4 17
5 13
7 58
6 47
2 47
5 24
8 83
10 17
4 32
10 100
3 91
4 32
9 36
4 2
1 85
4 77
5 97
1 94
5 78
5 58
5 96
6 53
6 73
2 94
2 90
8 11
10 60
7 2
2 62
7 47
8 2
9 36
5 15
6 63
4 66
1 18
6 8
10 28
9 78
2 4
9 4
5 77
10 66
3 31
4 54
2 11
3 0
7 35
7 10
4 7
10 7
5 3
10 27
6 59
9 90
10 39
8 1
6 17
9 42
7 6
8 82
9 23
1 58
9 98
5 30
2 44
7 64
2 44
7 32
6 13
9 17
9 4
1 12
7 3
10 95
1 2
8 26
6 18
4 7
5 60
8 100
3 66
1 70
8 31
8 76
9 13
4 1
8 75
8 0
8 38
6 99
3 24
8 59
7 37
7 10
6 16
8 22
4 57
6 10
8 32
1 14
4 73
3 66
6 69
6 2
8 4
4 40
3 74
3 31
9 51
2 16
9 57
1 17
7 16
2 40
3 96
5 22
4 46
7 51
1 54
9 90
8 91
4 75
5 22
8 92
8 51
5 10
3 0
2 65
3 52
4 17
9 71
5 81
2 94
5 88
10 92
6 91
1 32
1 92
3 31
6 97
7 17
6 57
2 76
8 12
7 13
2 99
7 8
2 20
9 4
5 92
1 50
4 7
2 97
7 29
3 50
8 51
1 87
9 55
3 9
1 25
6 29
4 61
8 98
3 69
6 25
10 98
7 45
1 73
1 95
9 80
8 92
6 73
4 45
6 51
2 43
10 34
10 79
4 25
10 45
10 83
7 44
8 48
4 21
5 57
5 63
9 12
5 73
3 89
3 44
7 79
1 75
1 30
4 26
5 92
1 94
2 60
6 1
4 47
7 96
1 71
2 94
6 9
8 94
2 38
7 61
1 7
8 71
8 62
5 38
5 60
5 100
3 11
7 97
10 100
10 43
8 72
3 84
3 96
1 62
6 35
7 97
7 12
4 89
8 20
5 8
4 74
6 10
10 32
2 56
7 29
4 59
8 81
8 65
2 18
1 52
4 34
4 86
6 22
7 91
2 87
10 10
8 96
5 99
7 22
8 2
5 32
6 4
9 24
4 53
8 98
3 75
3 14
6 5
7 82
8 83
2 89
9 25
5 9
7 11
5 97
5 59
10 67
6 65
6 75
3 53
5 85
3 63
9 56
3 11
5 32
2 95
2 51
3 74
5 4
8 81
8 4
1 52
6 4
2 39
5 98
7 43
6 71
2 60
8 51
8 35
4 47
9 41
1 10
9 99
9 53
7 53
10 16
6 1
9 86
6 65
3 85
7 57
4 15
3 26
3 70
9 92
2 13
4 0
4 84
1 7
9 89
2 27
9 95
6 73
8 19
10 20
3 45
9 98
4 35
8 15
6 84
7 78
3 93
10 7
3 51
2 56
6 89
4 26
10 92
7 78
9 39
8 64
6 42
5 82
3 75
5 15
8 25
5 28
9 86
6 45
5 1
9 1
2 35
10 22
5 68
8 45
2 78
9 20
2 96
6 95
8 7
5 37
4 45
5 79
7 48
9 85
9 40
6 19
8 3
10 84
5 25
7 5
2 45
4 54
8 66
6 90
9 7
5 64
9 70
8 14
5 90
10 22
3 22
10 86
9 59
8 100
9 0
9 62
9 25
7 97
4 80
1 43
1 59
10 66
4 47
9 23
1 95
5 41
8 91
9 24
7 27
3 78
6 74
7 44
7 41
5 42
2 28
10 7
2 72
3 2
8 4
6 52
3 18
6 81
8 22
1 47
7 20
1 61
3 44
5 47
7 52
7 94
3 62
2 45
8 2
8 29
6 44
9 48
7 82
10 7
1 27
3 56
9 19
3 96
7 21
2 72
10 17
8 69
8 14
3 41
3 47
5 28
5 96
1 96
7 52
7 78
4 88
7 94
9 70
2 49
6 1
7 55
1 67
1 72
6 62
6 55
1 77
9 33
4 21
8 68
5 77
10 41
2 7
6 90
6 81
10 12
2 65
6 77
6 68
4 73
4 53
2 17
10 4
2 98
9 22
10 46
1 97
1 55
3 49
10 95
3 35
10 55
4 90
6 64
3 44
1 78
5 8
8 80
2 22
2 12
6 99
9 0
9 68
8 3
5 74
1 44
8 57
3 94
10 98
9 79
5 69
5 47
4 29
8 17
5 86
6 7
10 55
9 49
2 100
4 88
4 20
7 68
1 90
1 97
1 15
9 7
4 16
9 56
1 25
2 2
2 57
3 37
9 71
1 12
9 82
3 66
8 66
9 63
10 62
7 74
8 43
7 34
1 35
2 76
2 99
7 100
10 43
4 94
5 6
6 7
10 64
1 92
8 6
2 6
9 67
10 43
3 87
1 77
3 34
9 79
4 74
7 23
3 65
10 85
2 17
10 90
5 59
6 4
7 86
3 46
5 66
10 73
4 69
1 91
7 44
7 99
7 63
3 13
10 47
4 44
4 59
3 99
6 58
1 99
4 93
7 71
3 41
4 40
10 69
2 4
9 27
2 89
9 42
4 50
6 68
8 84
5 44
10 9
10 58
4 6
8 58
7 26
10 14
9 90
4 94
5 44
9 65
9 8
4 67
5 89
1 68
4 0
7 97
2 4
5 35
6 41
9 44
6 25
1 52
8 0
5 67
8 67
9 44
3 19
6 46
9 65
5 41
9 23
7 92
7 98
1 8
3 14
3 33
8 3
1 57
6 65
10 95
6 62
6 4
5 52
3 51
3 87
5 15
3 15
1 80
4 69
8 89
8 30
9 50
7 77
6 30
1 36
6 2
8 70
7 30
9 71
5 17
2 57
10 19
4 55
8 43
3 72
7 78
6 71
1 75
2 50
7 46
3 21
3 87
5 10
2 89
2 54
7 84
5 87
8 13
7 11
7 95
7 81
1 55
5 86
5 80
5 15
4 12
3 7
8 83
10 53
3 16
5 85
10 47
10 19
9 88
8 22
3 37
6 37
4 13
10 40
9 46
6 45
7 88
10 54
4 100
9 61
9 61
1 20
5 32
6 42
2 80
4 67
10 53
4 24
6 17
3 59
2 74
10 72
5 99
1 65
2 28
7 4
7 91
6 89
6 23
10 54
2 2
2 83
4 35
9 52
4 50
6 68
10 33
1 79
8 93
8 98
4 41
7 91
7 99
1 37
1 84
6 62
10 35
8 14
9 82
7 75
1 84
1 70
2 40
10 15
6 29
8 32
8 99
8 66
3 34
5 0
1 44
6 20
4 25
7 85
7 6
9 92
3 81
6 47
7 65
3 23
10 58
2 95
2 87
5 82
10 83
4 40
4 9
10 97
10 9
4 84
9 39
7 21
8 6
1 48
10 86
1 26
3 72
4 58
2 79
3 93
8 87
10 10
10 38
3 58
9 26
3 15
5 4
5 15
1 30
2 0
10 27
5 55
9 61
9 75
9 60
8 81
5 28
8 62
2 11
8 74
9 60
2 39
4 92
5 65
6 20
6 54
3 48
8 32
8 7
7 93
8 11
10 21
8 97
1 81
1 91
4 74
5 45
6 30
9 67
4 9
8 69
4 88
2 60
2 45
4 6
4 78
5 25
3 36
8 10
1 49
10 98
10 61
5 45
5 67
9 30
10 9
5 35
1 65
2 8
8 72
4 16
10 73
5 46
8 34
5 50
1 71
6 63
2 66
1 72
1 100
9 35
3 46
2 10
3 41
2 16
10 56
7 66
2 72
8 12
6 72
2 36
5 43
1 32
10 29
5 5
10 58
7 65
1 16
2 21
1 91
4 31
9 58
5 16
9 30
9 10
7 76
10 96
5 56
2 35
6 22
5 0
3 19
1 9
8 24
1 88
7 3
8 45
1 72
7 38
4 18
2 35
5 36
3 97
7 68
2 65
9 65
3 40
6 31
5 1
7 17
7 47
5 55
6 20
1 97
1 79
1 82
6 88
2 90
3 96
10 86
2 96
5 35
1 62
10 65
10 9
2 31
6 50
10 64
2 62
5 6
3 1
7 14
10 61
1 24
1 94
5 56
3 40
8 40
6 25
4 44
8 48
9 26
5 53
3 13
10 12
8 74
9 27
2 39
5 26
6 81
2 28
6 47
7 92
6 40
8 85
4 29
3 58
6 22
2 86
8 97
9 18
8 14
10 55
10 78
1 79
6 38
1 78
1 48
3 27
6 59
3 85
9 49
9 99
7 98
4 2
9 62
8 67
9 12
4 47
8 32
7 84
4 81
10 62
2 3
8 47
5 38
3 32
7 79
8 77
6 55
3 57
3 94
5 37
9 26
4 66
10 64
5 89
4 47
4 31
1 32
1 65
5 82
7 86
5 45
4 14
3 38
5 85
2 58
8 81
1 16
5 22
10 46
2 19
7 10
1 77
10 58
6 31
9 90
2 49
2 69
7 23
3 83
5 64
10 93
3 15
9 39
2 38
8 60
8 21
3 80
7 69
4 35
5 90
4 48
1 78
6 15
1 84
5 36
6 61
6 42
7 21
3 0
1 95
3 58
7 41
4 95
3 46
7 19
4 40
4 74
7 74
1 62
9 0
1 9
7 1
4 4
8 7
3 72
3 13
1 47
3 8
10 53
7 0
7 67
10 44
4 81
5 90
3 56
6 98
9 66
4 89
6 5
4 95
8 94
3 46
6 73
6 35
5 50
10 52
9 84
1 37
8 68
3 50
10 28
3 33
10 65
4 78
4 61
9 16
2 90
1 69
1 43
6 92
6 37
4 71
8 36
7 86
9 27
9 67
7 78
5 25
6 15
2 15
10 39
5 33
7 26
10 68
6 63
5 81
9 12
8 76
3 33
2 6
10 72
3 22
8 12
4 67
8 99
6 85
7 9
6 9
3 14
4 3
10 70
2 100
1 20
9 66
7 0
6 99
2 2
8 79
10 68
10 23
3 38
9 37
1 7
5 38
10 65
3 93
4 46
2 28
9 30
3 96
8 68
3 93
1 61
6 51
10 1
6 62
7 88
5 0
4 6
1 65
7 34
3 22
6 69
5 51
5 32
9 25
7 85
1 96
3 11
3 1
9 7
7 81
3 5
4 83
8 71
5 97
6 65
2 20
1 72
1 20
9 64
10 35
4 2
4 2
6 88
2 59
10 86
3 88
7 70
8 50
4 24
1 79
4 81
6 48
3 38
4 44
4 54
9 39
3 73
9 28
3 50
8 2
9 30
6 78
7 1
3 31
6 83
10 73
6 83
6 76
4 32
7 44
5 64
7 38
6 57
5 38
4 8
8 78
9 40
7 11
4 36
6 16
7 38
7 19
10 98
5 53
3 46
8 76
5 29
6 43
5 52
8 59
10 33
7 55
5 55
6 59
9 14
8 47
8 65
10 4
10 82
2 66
9 4
2 14
7 84
4 61
3 92
2 46
2 18
9 38
3 25
10 82
5 24
7 67
3 44
7 0
7 4
1 67
2 26
4 73
6 33
1 40
6 60
5 0
6 24
5 64
9 38
6 4
7 52
7 69
3 16
8 52
7 33
2 22
2 64
7 98
3 78
2 18
3 44
3 63
2 18
5 24
7 6
9 69
4 31
7 83
10 51
4 14
1 86
2 5
2 43
4 30
10 22
4 23
8 7
6 8
8 30
9 40
5 41
9 89
3 30
3 78
8 85
8 82
4 100
2 49
4 80
1 66
5 34
9 92
2 33
6 39
2 64
8 74
3 84
8 0
5 1
4 90
7 58
2 71
4 74
9 51
4 67
9 94
1 56
8 53
9 74
9 38
4 6
2 63
8 9
2 38
3 32
8 93
9 4
7 65
6 4
9 8
6 98
3 61
8 40
9 100
8 27
3 7
2 9
1 43
1 98
1 41
9 3
5 34
9 63
8 4
3 66
1 20
8 82
1 77
7 6
2 93
6 100
8 11
9 92
4 29
5 51
7 26
6 54
3 84
10 96
5 11
3 17
2 14
4 75
2 55
3 22
1 31
6 64
8 98
8 77
8 89
2 28
7 60
8 38
3 60
9 17
4 5
9 11
1 42
3 100
5 81
8 100
6 87
5 33
2 73
4 26
4 4
5 81
4 55
3 95
6 55
2 1
2 100
7 7
2 6
7 12
2 61
1 86
7 47
5 100
1 9
5 24
1 52
1 25
1 68
5 42
2 5
7 40
4 0
8 41
4 98
7 83
2 18
1 90
4 73
9 1
4 4
4 71
2 25
10 63
3 60
10 22
5 9
4 11
4 75
8 72
6 26
1 11
5 14
1 7
8 29
2 42
8 26
2 74
6 64
5 93
7 99
9 5
10 66
5 60
3 97
9 5
6 20
8 94
6 51
3 34
1 94
1 50
9 17
6 16
1 97
4 80
8 24
8 27
5 2
4 16
10 70
10 0
8 89
3 60
1 4
6 73
3 13
3 68
8 92
8 38
9 99
3 51
3 27
2 1
5 59
1 14
10 10
7 47
6 71
10 13
4 52
10 37
8 94
8 16
8 10
9 49
4 61
4 15
6 49
3 8
10 60
5 80
4 4
10 56
2 71
3 94
3 32
5 3
5 70
10 84
8 34
2 93
2 10
8 71
4 88
2 50
10 70
4 15
6 60
9 78
2 59
10 99
8 92
1 6
3 81
5 30
9 73
9 87
5 76
1 93
4 85
6 29
2 84
6 7
2 40
6 46
10 71
4 36
7 73
10 33
1 88
2 42
8 97
2 20
6 64
2 1
10 70
9 99
10 67
2 72
10 19
9 94
1 31
10 64
7 58
6 39
2 62
10 99
3 60
8 71
7 83
3 60
4 25
8 75
9 50
7 4
3 2
5 96
3 97
1 88
1 58
5 39
3 17
3 62
5 57
7 27
2 7
7 41
3 94
10 34
8 51
9 62
7 9
9 83
6 48
2 88
4 2
2 75
7 47
1 22
1 86
7 33
2 28
9 50
4 1
1 9
2 64
6 50
2 91
2 2
9 44
8 7
9 45
9 92
9 78
10 4
8 74
7 66
2 69
5 10
3 5
1 81
10 12
5 9
6 43
8 20
1 35
6 45
8 10
3 74
9 47
10 89
1 45
4 52
9 44
2 79
1 24
1 22
2 82
8 20
2 80
4 21
1 63
1 79
5 71
1 19
10 56
7 30
10 1
9 70
5 55
1 67
5 32
8 40
4 23
9 23
4 10
9 96
2 39
6 77
3 24
7 42
10 22
3 17
5 48
6 48
9 68
8 53
4 2
3 73
1 56
8 96
8 33
7 67
7 21
5 22
3 2
10 26
6 61
8 84
1 80
6 98
8 58
8 87
5 24
6 53
8 44
1 61
10 20
9 93
9 24
1 52
6 44
3 74
8 28
9 88
9 96
3 26
2 83
8 15
1 23
1 31
1 11
6 37
10 5
2 5
7 9
7 88
5 73
8 15
7 24
5 83
5 16
3 16
5 4
8 41
8 72
10 40
5 52
7 70
10 15
2 76
2 74
9 40
7 50
9 92
2 52
2 99
2 53
7 69
6 38
9 72
5 52
8 73
2 33
1 29
10 91
10 29
8 69
5 59
6 75
8 39
5 24
4 74
6 96
10 53
6 21
9 63
4 67
9 77
10 95
8 69
7 71
6 82
3 39
3 23
3 28
7 72
5 74
8 2
5 36
6 72
1 85
3 17
10 33
9 73
4 25
3 38
7 56
6 31
6 33
10 29
5 3
3 13
3 63
7 92
2 86
3 39
4 64
4 76
7 14
6 1
2 38
3 55
5 93
9 92
9 13
8 98
7 52
8 40
4 81
5 52
6 36
5 66
9 9
4 38
4 58
4 39
6 30
10 15
3 12
1 89
1 76
8 24
7 96
1 99
9 19
9 87
7 75
1 100
8 84
2 86
3 1
8 61
10 5
1 19
7 87
3 1
8 100
3 27
5 29
10 31
7 68
5 17
9 46
9 59
4 69
4 36
9 73
2 20
8 85
5 80
10 84
1 36
7 66
10 96
3 72
2 97
10 38
1 90
7 47
3 69
6 4
3 87
3 48
5 80
5 0
5 67
4 75
5 34
1 8
5 33
6 27
7 51
9 28
5 84
1 53
1 27
8 88
9 54
8 16
10 69
1 41
7 85
2 31
2 68
7 45
8 77
4 21
6 59
8 2
7 7
3 22
3 92
7 80
6 83
5 61
7 65
3 40
5 82
4 82
5 48
9 6
10 52
2 0
10 57
5 87
7 15
8 59
8 8
8 8
2 56
9 6
9 46
6 79
6 78
8 65
4 77
8 10
2 87
9 78
10 88
10 72
9 17
8 54
1 46
10 0
9 42
6 74
4 99
6 5
2 76
7 40
10 25
7 33
3 57
5 32
3 95
10 4
10 48
9 54
1 31
1 51
9 1
5 62
3 26
4 10
4 14
4 91
1 56
10 77
4 75
1 81
9 66
10 95
3 65
3 5
4 65
7 77
4 9
10 18
2 70
1 39
2 55
7 7
9 29
10 46
7 93
3 28
9 99
2 33
5 44
6 12
2 58
7 50
2 66
5 42
7 33
2 42
6 93
6 85
3 54
3 62
10 5
6 29
3 48
2 70
1 56
3 94
7 73
6 19
7 18
10 43
10 61
4 99
7 74
3 57
1 13
1 36
10 9
5 44
7 4
5 48
8 61
4 91
8 54
10 97
3 6
2 88
10 60
4 5
7 14
9 71
1 46
9 5
1 60
9 13
2 33
5 44
9 89
1 5
1 66
9 66
7 41
4 44
8 64
2 16
10 3
1 11
5 75
5 24
3 21
5 42
1 8
4 10
1 39
7 15
3 41
6 95
7 12
1 78
2 8
3 59
5 35
9 98
4 66
9 2
2 17
5 48
1 23
2 45
5 79
1 28
4 7
6 81
2 21
9 93
4 11
5 93
8 75
3 92
8 99
3 42
1 22
8 72
4 99
7 75
3 2
8 67
3 80
5 65
6 32
4 90
2 58
8 53
6 43
5 59
9 4
10 97
6 7
9 96
3 51
7 74
7 95
8 84
1 60
1 90
5 41
8 1
7 30
10 11
3 45
8 66
5 27
6 31
10 11
10 53
3 52
2 72
6 55
5 74
4 11
9 14
8 72
2 21
10 53
6 62
10 100
8 58
3 44
9 12
2 40
10 1
6 44
8 38
9 6
3 96
4 74
9 96
3 61
5 32
2 68
5 57
6 34
8 48
8 71
8 52
4 86
7 15
8 71
2 44
6 74
3 1
2 75
6 49
5 35
5 43
3 47
4 58
10 4
4 27
4 94
8 38
4 1
4 47
4 79
9 75
6 90
9 90
9 64
9 44
9 38
5 68
4 89
8 50
1 44
8 20
8 37
9 58
2 38
8 99
1 6
2 55
10 67
2 99
3 97
5 87
3 47
5 70
8 96
9 19
9 23
8 5
2 30
1 87
7 16
10 82
9 47
9 60
6 32
4 67
9 94
6 33
8 44
6 57
4 74
3 54
10 86
3 5
1 43
8 95
4 98
8 59
7 76
1 40
4 29
4 3
2 15
8 25
1 80
7 94
2 3
10 37
4 17
1 85
7 50
9 68
4 9
6 72
7 23
3 2
9 83
2 92
9 17
10 74
10 10
8 40
10 3
5 24
6 88
5 82
7 10
2 80
4 86
5 36
9 84
8 24
4 100
7 21
8 3
8 79
4 40
8 46
7 100
3 61
7 45
3 32
3 67
6 86
2 89
9 86
3 98
2 91
5 44
6 98
10 77
3 50
1 27
9 97
3 36
8 53
2 27
2 37
3 92
3 69
7 62
10 59
10 95
5 83
1 72
6 76
2 40
7 19
8 4
3 10
8 33
4 70
9 48
1 18
7 82
2 68
4 16
9 19
4 58
5 59
6 29
4 15
7 80
5 51
5 37
5 76
6 56
7 85
9 16
1 36
2 44
1 68
3 3
7 76
10 20
6 51
1 66
10 93
9 31
1 98
7 98
9 19
5 3
5 84
6 13
8 53
9 94
3 74
1 74
5 89
8 27
3 36
1 49
8 58
5 81
3 4
4 33
6 31
1 54
7 35
9 35
9 59
1 89
8 40
4 87
7 76
3 45
5 42
10 77
6 13
5 5
9 36
1 80
8 39
1 37
6 7
1 56
4 43
8 84
7 72
10 1
1 87
8 75
3 88
7 85
6 5
10 83
4 60
5 55
4 66
7 6
4 23
3 87
1 87
4 36
10 1
6 14
9 84
3 97
8 51
9 16
6 57
10 86
1 39
5 28
4 15
5 64
10 91
1 72
2 46
1 35
1 66
4 22
9 45
6 39
6 53
3 32
2 13
3 3
3 50
6 10
3 23
5 31
9 73
7 35
4 61
3 34
8 27
2 58
3 13
10 26
10 65
6 87
6 3
7 23
2 36
3 77
1 71
8 96
5 44
6 72
4 32
2 71
4 31
4 50
5 54
10 65
3 31
1 70
4 64
4 73
5 68
9 94
4 8
10 18
8 64
6 35
9 84
4 77
5 37
7 16
10 25
8 98
8 47
3 29
7 37
7 92
5 1
3 70
4 84
5 91
5 37
4 81
6 15
5 33
6 36
3 64
3 7
8 38
6 81
4 55
8 41
1 89
3 97
4 2
1 82
5 30
9 97
3 5
9 31
5 73
4 5
3 74
3 23
10 14
8 76
4 45
10 8
6 87
9 25
7 98
1 69
9 89
9 41
6 2
4 9
4 11
9 90
1 100
10 43
6 47
9 57
3 81
8 35
8 91
1 23
5 28
10 6
8 72
3 18
4 60
9 100
5 51
8 24
8 70
9 94
6 34
2 75
2 69
2 40
5 54
2 31
8 86
6 74
2 25
6 36
2 79
10 19
5 53
2 13
7 15
4 24
1 5
7 55
3 35
2 99
3 36
6 76
7 34
10 65
2 15
7 97
3 51
9 54
5 5
7 51
10 29
8 72
9 84
2 87
6 18
10 64
2 74
9 23
9 1
1 43
5 55
8 58
6 84
6 10
4 66
7 32
4 48
7 55
5 66
7 94
4 30
4 63
6 69
3 12
1 19
2 57
7 8
4 86
10 60
10 59
6 88
10 35
9 49
7 73
2 61
7 96
5 48
4 29
5 34
6 87
7 60
6 21
4 13
9 9
3 71
4 43
9 11
1 79
7 4
3 37
6 27
5 60
10 46
9 33
2 47
7 87
2 39
1 48
1 99
5 16
8 98
10 61
6 8
7 26
4 98
1 88
7 53
5 37
3 43
10 59
1 58
1 19
10 100
7 89
1 80
2 9
6 39
5 68
4 42
9 68
6 51
9 43
9 59
9 44
9 23
7 98
7 64
4 52
3 18
7 90
2 10
7 89
10 78
7 13
8 31
5 33
9 20
10 76
2 94
7 99
4 17
3 4
8 74
8 16
7 46
5 46
8 65
7 99
7 77
9 91
7 15
1 59
2 73
1 57
1 41
2 5
3 68
6 47
2 79
9 57
1 43
2 92
5 52
2 33
8 36
2 92
3 90
7 25
5 74
6 13
9 31
3 74
7 93
6 63
1 23
3 19
10 42
6 32
10 15
5 27
1 53
3 98
2 42
6 41
10 13
2 36
7 70
4 69
1 85
8 10
5 30
2 79
1 95
9 46
9 36
5 71
7 5
2 52
4 90
1 57
10 68
5 65
7 90
5 99
1 66
7 96
6 13
4 40
9 39
1 0
5 52
1 97
4 42
10 0
10 11
7 75
10 44
8 30
5 43
7 76
8 17
6 90
5 17
7 92
8 0
1 1
10 71
9 24
6 52
8 11
5 24
9 0
8 39
9 28
2 47
2 35
5 47
3 13
8 1
10 56
5 29
4 99
2 81
8 42
5 14
4 47
2 96
9 53
3 5
7 37
7 75
5 23
9 60
10 65
5 24
2 33
9 10
9 97
5 38
9 29
2 12
2 64
7 82
7 80
6 71
8 57
1 29
3 54
6 62
9 93
7 4
8 40
7 33
8 85
6 89
10 76
9 40
8 20
1 72
5 3
1 57
2 13
8 59
1 25
10 4
1 20
5 92
10 39
4 97
9 73
2 83
7 80
10 36
6 60
5 94
8 79
4 51
10 91
7 99
1 94
4 81
5 73
8 82
9 69
3 37
7 20
6 82
5 43
6 43
3 2
7 81
7 30
4 100
2 36
1 79
4 72
10 12
6 58
3 27
2 43
5 69
7 43
7 51
7 2
8 48
4 79
4 78
4 49
4 43
7 8
4 1
2 47
6 93
5 31
8 93
6 40
4 65
4 4
4 81
2 29
7 45
7 90
6 23
6 11
9 26
1 51
4 64
5 8
6 29
2 14
6 18
10 53
9 81
3 94
6 96
4 3
7 10
5 62
1 31
9 46
4 90
4 12
1 35
7 32
10 61
8 1
2 28
2 39
7 58
4 97
10 23
7 50
4 96
2 25
8 40
5 68
4 95
10 80
2 39
7 46
3 95
6 54
3 50
10 88
10 87
3 34
4 74
6 15
8 14
8 53
6 55
1 55
10 23
9 16
2 29
3 95
6 10
10 59
10 68
8 2
1 78
10 31
7 56
10 99
10 98
3 58
3 60
7 65
4 24
5 12
9 42
2 83
9 95
6 24
3 99
5 56
3 52
8 61
9 29
1 96
9 65
7 32
2 18
6 46
2 80
5 3
7 40
5 47
8 35
9 34
2 51
5 50
2 73
7 17
9 81
5 22
5 67
9 68
8 3
6 28
1 68
6 43
2 24
6 43
1 28
10 9
2 25
4 52
2 77
1 43
2 32
4 73
6 0
7 77
7 75
8 88
2 65
3 26
9 41
7 0
8 20
1 37
3 49
4 54
8 57
10 40
7 91
5 80
7 29
7 49
9 6
3 37
4 57
5 9
8 96
5 4
6 79
2 60
2 12
9 49
2 92
6 5
4 3
2 22
3 68
3 5
10 10
4 78
1 92
5 80
7 1
3 85
7 40
5 88
6 12
8 22
1 74
1 10
7 93
2 37
8 38
2 47
10 58
4 92
2 74
1 64
5 75
6 95
4 8
6 17
8 57
2 63
10 28
2 10
6 63
4 34
6 13
10 29
3 86
8 7
7 33
7 55
2 78
6 70
3 9
2 78
10 38
3 98
7 81
5 69
10 30
2 67
6 58
7 19
7 3
8 67
7 24
9 54
5 79
1 31
5 30
6 10
6 47
2 78
10 73
3 25
5 1
7 20
1 18
6 13
3 30
10 42
9 58
1 84
10 52
3 61
10 55
7 69
6 55
5 68
9 57
4 8
1 47
6 95
10 90
8 32
8 1
7 68
2 87
9 74
3 9
3 82
2 40
6 13
3 95
10 77
6 86
10 94
10 47
3 37
2 31
6 54
7 0
2 40
5 64
3 58
1 4
8 58
3 21
3 30
3 52
3 80
1 65
8 93
2 27
2 53
2 95
8 82
8 3
4 15
4 23
8 79
3 97
7 42
1 57
3 35
5 78
8 24
5 10
3 18
8 90
7 60
1 32
6 42
1 75
3 52
1 47
9 47
3 18
5 33
2 6
8 7
7 24
9 97
4 44
5 29
4 87
1 59
2 14
10 50
8 48
6 57
4 1
9 92
8 30
7 88
2 21
8 35
9 98
1 76
1 86
1 16
9 72
3 92
1 54
3 29
6 34
6 15
5 39
3 92
6 96
7 85
5 26
4 82
5 81
1 49
3 77
8 78
4 5
10 24
8 49
5 37
2 33
9 38
4 38
4 24
1 27
10 92
9 61
9 9
3 27
2 71
7 79
10 36
9 100
7 58
4 17
10 15
9 81
2 42
4 95
8 58
9 97
10 79
1 78
3 21
9 19
6 63
7 21
7 12
7 49
4 82
4 9
9 23
4 80
5 59
9 74
1 11
3 82
2 57
7 51
2 59
6 12
7 17
5 20
10 61
10 73
9 39
4 0
3 77
2 73
10 81
2 80
7 88
8 27
3 17
10 0
6 98
4 90
10 64
9 95
8 52
7 0
2 3
4 17
5 63
9 12
10 92
6 23
9 43
1 85
10 51
9 14
8 11
10 61
6 48
1 15
7 35
10 12
6 88
4 31
6 44
7 96
10 43
1 31
1 71
9 62
9 22
4 25
2 33
1 98
2 54
8 62
9 56
5 91
4 54
2 19
5 66
8 100
2 73
9 53
4 6
4 16
3 96
5 94
1 97
1 23
5 73
9 46
6 76
4 86
7 89
8 34
7 89
7 28
2 42
10 50
8 85
9 39
10 35
4 82
2 25
8 28
9 88
3 17
10 54
5 83
10 11
6 59
3 100
3 85
6 59
7 76
5 79
9 37
6 45
5 32
3 38
5 0
10 30
3 60
9 60
4 89
6 82
3 50
7 10
3 92
3 76
6 65
1 96
10 65
7 74
6 100
10 37
9 94
6 17
4 64
4 34
8 90
10 46
8 66
9 93
9 80
9 97
8 16
2 74
9 2
1 4
2 46
8 66
8 84
3 27
6 50
5 23
1 21
9 32
3 13
9 38
5 82
10 3
8 53
10 52
8 40
3 50
5 44
9 40
4 28
6 41
6 72
3 90
4 89
6 47
3 77
1 25
2 87
7 14
6 28
1 72
3 65
6 76
8 54
3 64
4 32
10 66
4 73
9 91
8 12
2 68
3 64
4 26
1 10
9 100
9 46
8 74
1 33
8 88
6 84
7 21
9 19
7 25
1 11
8 1
2 25
4 98
10 59
9 19
10 29
10 79
3 48
9 3
5 13
8 95
9 78
3 1
9 29
6 32
10 18
1 83
4 3
6 57
9 8
9 68
5 53
5 36
7 89
6 61
8 38
8 7
9 65
5 91
7 71
9 93
3 20
6 56
3 4
1 20
7 95
2 74
2 23
7 25
7 47
4 80
5 98
7 90
8 73
8 52
6 24
7 51
10 71
2 61
5 1
10 83
6 64
6 22
3 41
6 36
2 50
1 21
6 7
3 52
5 69
10 40
7 33
10 38
10 35
2 70
9 37
5 36
3 92
8 20
4 93
5 11
7 37
6 28
4 89
4 80
7 15
4 78
2 73
7 44
1 80
3 13
5 29
9 30
9 19
7 2
7 22
1 19
7 29
10 5
3 84
10 35
4 43
9 24
3 35
5 12
2 6
10 68
7 93
3 80
2 95
1 23
6 69
8 42
3 10
9 45
8 87
6 57
6 74
10 95
2 78
2 70
3 34
10 50
9 71
3 47
10 34
2 100
5 51
1 22
4 99
7 56
6 47
6 78
3 18
2 65
3 51
6 29
9 15
1 94
5 10
9 50
7 53
10 76
1 98
9 62
10 16
9 66
10 95
5 47
8 90
8 86
3 54
10 78
9 7
3 88
1 38
1 75
8 15
9 51
5 20
5 97
6 70
4 47
5 52
1 0
9 75
1 5
6 47
2 90
1 100
9 54
10 0
10 45
6 4
8 69
9 73
6 40
1 16
3 66
6 55
6 16
5 84
9 79
4 56
5 33
2 47
9 72
10 1
10 59
6 9
6 79
5 79
1 4
4 29
3 93
1 61
4 77
7 9
10 10
8 32
10 60
3 28
8 64
4 91
9 32
3 14
2 7
10 73
5 1
3 34
1 93
2 28
1 57
2 99
7 71
7 84
7 94
9 19
8 86
8 1
1 18
4 89
10 80
4 46
3 56
4 14
8 98
1 85
2 75
4 87
8 90
6 27
5 67
4 43
7 98
1 15
10 86
8 34
2 21
4 44
5 94
10 88
8 51
9 17
3 15
8 57
1 66
7 90
10 70
3 25
3 30
2 97
5 49
2 55
10 29
7 70
3 70
8 84
8 12
4 47
4 6
10 73
8 17
10 1
6 62
5 40
6 5
8 4
5 18
1 99
2 81
2 19
7 47
1 15
6 15
10 34
7 95
7 36
10 1
9 90
1 67
4 59
2 66
2 75
9 66
10 2
10 42
7 55
6 33
6 100
5 94
2 0
2 74
1 73
2 67
2 71
7 91
1 32
8 32
1 92
6 81
6 65
4 29
6 40
7 59
6 39
2 90
3 12
7 67
3 67
3 30
2 49
8 70
3 8
3 4
5 72
6 3
9 38
7 61
3 44
5 58
7 25
3 59
4 80
9 66
8 93
5 93
4 16
7 25
10 39
6 67
8 44
3 43
8 19
2 99
10 56
3 15
8 39
5 83
3 14
6 49
10 69
7 30
10 92
7 81
6 77
1 39
2 48
3 22
10 14
5 71
8 83
9 36
8 88
6 29
2 8
8 1
4 67
8 97
1 53
1 33
9 17
3 0
4 15
2 45
2 72
1 32
7 69
1 70
10 53
4 82
9 55
1 32
2 58
10 29
1 9
4 44
1 10
1 28
7 41
2 12
3 77
9 69
5 12
5 34
10 69
9 15
9 95
6 35
3 55
10 45
3 83
1 29
9 0
1 35
3 11
5 46
6 41
9 62
3 26
9 100
6 20
9 86
9 27
8 1
4 34
4 21
2 39
8 89
1 64
2 89
1 77
9 81
3 77
8 31
3 70
8 57
2 64
7 87
7 73
7 49
7 78
10 60
9 48
5 38
2 14
2 63
7 25
7 87
1 48
9 80
8 70
2 40
6 55
4 87
4 17
9 100
6 56
1 16
7 42
2 80
1 31
8 11
3 64
4 39
1 44
5 83
10 22
5 46
8 32
6 9
4 23
1 29
3 86
6 53
10 62
5 15
1 89
7 7
10 66
5 40
1 93
8 0
4 21
10 67
5 28
3 16
10 15
5 4
4 7
6 63
6 48
2 47
6 78
6 75
8 32
6 47
1 49
5 50
1 15
5 41
1 75
3 64
1 73
1 61
8 44
2 64
2 70
2 9
9 85
8 50
8 7
6 33
2 13
4 51
2 31
3 83
7 99
4 34
5 8
3 86
10 75
5 14
6 63
4 72
5 79
1 76
7 69
10 18
6 74
6 91
7 96
1 32
3 25
2 23
7 12
6 86
8 31
2 57
2 99
6 93
1 59
9 80
5 12
5 61
4 93
6 36
1 36
1 76
6 6
5 57
4 77
9 66
4 37
5 89
5 78
7 12
2 9
3 98
10 26
7 89
6 89
2 44
8 59
2 63
10 28
8 32
1 88
5 0
9 71
5 84
4 69
8 8
1 83
7 73
10 19
8 78
4 79
6 45
1 78
2 78
6 40
7 81
4 72
1 22
4 72
4 76
4 11
10 38
9 6
4 24
7 5
3 22
6 38
1 64
10 39
6 97
4 70
5 92
5 97
7 25
7 5
8 24
5 53
4 93
1 29
9 42
8 91
5 13
6 63
4 82
5 2
5 67
4 48
8 48
1 51
10 41
9 89
6 87
7 95
3 86
10 8
8 42
8 35
4 61
6 37
6 21
2 48
1 32
2 84
3 34
10 20
9 60
5 72
3 5
8 34
5 32
1 32
9 32
6 70
2 17
7 80
8 21
8 56
9 96
4 96
4 9
5 22
1 38
3 56
1 40
9 42
6 34
2 78
9 91
2 61
9 11
6 20
5 75
7 39
3 46
1 91
6 98
1 68
4 100
9 91
5 24
3 0
6 31
5 70
7 52
5 34
1 67
3 23
8 95
4 31
1 35
8 55
3 64
7 98
5 29
7 52
4 42
8 69
1 56
9 2
5 18
10 56
5 58
7 88
3 22
2 18
7 28
9 95
2 32
8 87
3 51
8 56
4 100
8 55
3 93
5 81
4 35
2 23
10 81
8 25
2 27
3 7
4 45
5 59
6 12
3 78
6 14
7 77
2 99
8 81
3 56
7 55
5 78
8 94
10 39
8 67
1 86
2 45
10 38
5 67
8 13
1 69
6 3
6 54
5 19
3 83
7 73
1 61
2 76
7 45
3 74
5 47
7 35
1 65
10 78
2 43
3 30
8 22
1 5
2 99
6 20
3 24
7 11
4 72
6 54
9 85
1 62
7 28
3 76
5 83
7 99
4 1
1 71
3 83
1 76
4 100
10 3
1 50
8 93
6 99
7 34
2 35
2 91
5 50
9 79
6 27
9 45
4 56
1 64
1 95
8 40
10 65
4 8
9 36
8 55
8 13
10 19
10 4
3 18
2 31
5 29
10 10
7 95
3 69
6 66
3 45
7 48
2 68
10 48
10 39
1 28
9 41
1 48
6 94
4 22
4 80
8 3
2 18
1 54
6 86
2 76
7 70
7 45
9 34
4 1
2 44
2 88
6 83
3 21
6 28
2 96
5 83
3 88
5 83
2 63
7 93
6 7
4 2
6 5
8 43
6 60
6 25
1 87
3 14
4 69
3 15
8 17
5 100
8 29
10 23
1 46
8 58
4 68
10 33
6 81
7 52
1 38
5 73
6 58
10 92
4 19
3 22
1 83
8 24
7 93
4 73
3 38
10 84
4 42
8 42
10 85
2 17
5 51
2 42
4 11
10 20
9 64
6 0
8 41
8 11
8 42
1 97
4 5
5 42
7 5
6 20
5 83
8 37
5 72
8 37
6 15
6 25
1 61
2 64
5 22
7 19
8 73
1 12
4 29
3 75
3 82
3 35
4 26
7 99
6 70
9 73
3 63
1 1
2 70
10 44
10 33
5 71
5 52
4 18
9 82
1 19
9 35
8 8
6 81
9 90
2 15
4 16
2 20
2 27
6 41
5 36
7 79
10 42
2 91
3 26
4 9
6 19
3 24
7 10
9 51
5 44
4 95
9 41
7 50
8 100
2 53
10 15
5 43
6 10
9 17
10 34
4 63
1 34
8 56
9 53
9 7
10 54
6 18
6 88
10 91
5 83
1 48
7 57
4 2
9 90
7 58
1 14
3 82
7 44
1 37
9 83
7 51
9 0
5 12
7 84
7 6
5 57
2 57
1 86
10 95
1 81
4 87
8 53
10 73
4 92
10 20
5 25
6 3
1 34
7 30
6 81
2 20
3 92
3 61
3 80
3 73
10 55
5 68
3 12
7 93
8 90
10 93
5 52
7 42
8 85
4 68
3 14
10 64
1 28
9 89
3 55
1 93
2 24
2 84
3 42
9 77
8 35
7 5
8 52
1 47
3 29
7 78
6 67
2 70
1 65
4 42
10 33
6 95
5 79
9 60
5 52
8 67
8 28
1 90
5 28
5 62
6 85
9 43
2 76
6 87
1 90
9 76
3 15
3 13
8 41
5 18
2 83
9 52
2 14
8 73
4 23
1 54
2 61
6 94
10 76
8 27
3 63
2 47
10 19
5 78
1 60
2 46
4 27
6 43
4 80
3 44
7 10
6 54
6 61
1 93
10 34
2 43
9 32
4 54
9 2
6 73
8 82
10 84
6 42
10 27
10 2
9 14
7 43
7 40
4 78
7 95
4 20
7 85
2 39
9 34
7 5
1 43
1 89
3 98
2 64
6 0
10 70
10 13
2 47
7 45
7 52
2 67
7 65
4 29
8 28
7 91
7 87
5 23
10 8
1 10
4 60
5 92
7 69
8 42
9 96
10 32
9 30
10 24
8 78
6 17
7 1
7 15
9 60
9 40
4 35
10 25
9 28
7 58
6 28
7 98
5 94
2 79
1 16
4 88
10 53
10 52
8 45
1 29
8 49
6 34
8 7
4 21
6 1
4 91
5 46
4 8
4 9
9 38
3 64
4 64
9 24
5 100
4 18
3 95
2 6
1 72
6 11
1 31
1 51
10 15
4 80
4 77
6 66
4 97
5 39
3 33
4 80
5 81
7 1
1 84
10 16
6 69
4 56
5 15
5 32
6 85
3 77
7 30
7 61
1 0
8 54
9 88
4 59
6 60
4 65
7 22
3 53
1 3
5 46
4 95
3 44
6 51
10 89
3 19
8 81
1 30
7 30
6 17
2 45
1 90
1 68
7 31
2 54
2 22
1 37
9 24
5 74
9 57
2 42
9 45
8 72
2 48
6 73
10 39
10 16
8 61
8 79
4 89
9 82
4 19
9 22
4 65
3 34
5 79
6 57
2 86
2 5
6 4
4 94
3 17
9 85
3 63
9 97
8 64
1 53
7 93
6 65
9 82
4 20
4 61
4 18
2 60
7 90
3 83
2 74
9 17
8 16
10 67
3 1
4 89
2 5
10 4
1 19
5 9
9 20
5 91
5 21
5 88
5 65
1 66
7 17
7 0
7 49
1 49
5 93
2 11
10 78
9 81
1 6
5 59
1 25
9 40
3 82
7 94
6 80
6 56
2 83
5 85
10 51
2 15
1 44
4 30
6 7
2 96
6 21
10 33
5 87
6 93
3 11
9 85
1 15
8 34
6 78
2 2
5 97
6 96
6 74
7 58
8 81
3 4
9 55
9 97
8 37
5 68
5 46
10 29
5 51
1 11
9 42
5 76
4 32
5 57
2 39
6 21
8 38
10 8
2 34
5 89
4 84
1 83
5 24
3 53
8 3
9 44
6 19
4 16
3 92
10 43
8 82
9 31
8 67
9 21
9 43
5 77
10 43
9 84
2 71
3 18
4 0
2 89
2 93
10 3
8 60
8 85
1 13
3 85
6 71
2 53
2 88
4 1
7 18
7 3
1 97
7 2
10 38
4 30
9 90
5 57
8 79
6 39
4 2
2 19
4 34
2 47
1 11
4 7
7 23
2 48
3 95
6 83
3 11
10 16
1 28
3 66
3 43
7 33
6 87
4 38
6 67
10 72
10 35
8 7
9 94
10 73
5 72
2 79
7 34
10 62
1 86
6 54
9 59
2 67
5 72
4 79
10 24
5 74
4 83
5 86
8 16
4 87
9 90
6 58
9 0
10 84
2 64
1 100
9 56
3 31
2 30
1 26
1 23
1 91
5 85
10 61
1 86
9 63
9 21
9 41
2 39
3 2
2 69
5 100
10 96
8 47
4 33
8 63
2 8
7 75
5 38
5 64
8 15
10 63
5 42
10 38
9 18
7 46
9 52
1 39
1 72
9 2
2 16
8 12
2 56
3 100
7 32
4 90
2 21
9 38
10 95
10 15
4 50
9 13
9 10
2 2
3 24
9 33
5 1
1 92
6 2
5 19
1 31
5 31
10 46
3 99
3 26
9 99
7 40
5 26
5 34
1 91
6 34
1 18
7 22
9 14
7 72
7 18
3 65
4 85
5 76
5 65
9 72
6 75
4 50
9 55
5 81
8 75
4 14
2 7
1 56
9 49
6 90
6 6
8 7
7 23
7 22
3 45
8 15
10 100
8 40
1 66
3 73
4 86
3 30
1 37
1 15
8 100
5 78
2 80
5 19
5 82
5 74
10 82
8 33
2 7
2 28
7 40
7 66
1 29
5 9
7 48
2 64
9 9
7 8
10 56
2 70
10 93
9 69
3 81
6 78
6 40
6 13
10 35
8 36
3 14
4 90
2 53
2 80
10 97
4 100
10 30
9 85
9 33
3 51
5 99
6 20
6 60
10 24
6 52
10 60
4 90
9 2
1 4
2 52
6 8
10 13
7 68
4 3
4 68
9 48
8 69
3 52
7 64
1 68
7 29
10 90
4 55
8 90
8 2
10 36
1 53
7 36
9 74
7 30
8 90
9 67
3 67
6 44
1 62
6 93
4 92
2 46
9 1
1 49
7 63
2 67
3 44
8 26
4 67
3 32
1 45
6 56
4 67
8 15
4 18
2 45
4 43
6 19
10 0
1 49
8 46
7 89
5 2
7 75
6 21
8 68
8 65
9 61
8 52
5 78
6 42
8 0
9 6
4 88
9 23
1 74
7 28
3 72
3 9
2 33
7 26
4 93
4 56
9 31
3 85
10 68
1 46
5 100
1 22
6 94
6 96
10 100
4 87
3 26
7 97
3 38
6 88
8 8
7 86
9 8
4 92
9 23
7 43
10 99
3 91
5 74
4 64
3 66
7 48
6 31
7 77
6 85
8 58
1 75
3 48
10 68
7 91
1 30
8 48
1 4
3 50
7 97
5 15
9 83
1 16
3 100
2 25
7 0
3 52
7 100
4 4
3 61
10 30
7 35
6 17
9 34
9 9
1 33
5 93
6 7
1 18
3 94
2 58
9 40
6 69
10 46
7 28
9 17
2 85
9 56
10 95
6 45
6 26
6 4
3 0
6 28
7 77
9 28
10 82
9 98
3 28
1 96
4 49
3 53
7 61
9 17
4 27
4 74
10 77
9 72
5 44
1 40
10 78
2 10
1 14
9 4
9 19
3 53
8 82
8 17
2 64
1 40
2 60
10 77
1 2
10 64
6 21
2 84
1 83
7 100
9 57
3 59
9 36
10 30
2 47
3 54
9 61
1 37
8 30
3 36
4 92
5 1
3 77
3 0
7 43
4 6
7 45
6 39
3 43
8 96
7 15
6 31
4 89
2 47
5 8
9 12
4 40
10 54
8 2
9 20
3 99
4 48
9 41
10 9
8 68
3 65
9 54
5 100
3 73
1 47
5 73
5 9
7 23
4 73
5 79
9 2
9 24
2 26
10 58
4 94
4 2
1 5
3 56
10 35
9 18
6 77
3 10
9 14
5 24
10 41
2 55
9 84
10 14
6 70
8 35
6 60
5 44
3 83
4 71
7 76
8 83
10 81
3 22
3 97
7 31
1 49
9 34
1 99
7 38
2 4
7 94
8 43
3 8
3 25
9 47
10 43
10 35
7 44
5 72
3 9
9 83
4 85
1 31
5 4
4 29
10 99
9 51
4 14
6 61
1 86
2 31
2 33
2 92
10 13
6 71
6 0
9 83
7 54
9 32
7 71
3 90
5 94
6 3
9 14
9 87
7 87
6 84
9 29
6 65
5 56
10 50
9 99
3 78
9 88
5 17
5 26
5 38
8 40
1 34
2 85
1 46
3 59
4 30
7 53
4 49
6 21
7 98
10 96
4 70
2 63
8 18
3 22
2 93
9 14
5 43
4 82
10 63
4 94
1 21
8 87
1 47
6 33
8 47
8 40
7 30
6 61
3 32
2 37
7 43
9 19
4 43
2 56
6 20
1 89
4 82
3 2
1 14
6 90
3 47
7 76
6 52
3 48
5 87
8 88
3 51
1 37
9 30
10 43
7 72
7 52
9 86
7 37
10 79
5 62
2 94
7 99
8 26
3 88
7 82
4 89
4 94
1 50
7 44
10 93
9 83
8 99
8 40
5 74
9 94
8 38
6 92
3 58
4 32
4 65
2 90
4 55
2 1
3 85
5 59
7 56
10 78
9 34
9 98
8 80
3 4
2 44
9 44
7 66
6 65
1 63
7 39
6 48
5 95
8 44
1 98
2 57
5 99
9 34
5 87
1 79
7 26
6 93
5 72
4 97
9 19
3 18
1 90
4 5
2 31
10 44
2 43
9 79
9 81
4 50
6 50
1 36
9 73
10 31
6 69
3 51
10 2
5 73
5 54
6 86
8 87
7 72
10 49
3 68
3 85
8 1
2 10
1 98
3 87
2 52
1 9
1 50
2 19
2 99
9 91
7 17
6 74
5 40
8 95
1 32
2 96
1 28
2 87
8 92
5 30
3 64
10 11
8 52
8 1
7 71
9 70
7 59
5 88
1 99
3 4
6 14
7 29
7 51
5 83
9 33
1 55
5 37
4 62
4 63
2 22
10 67
6 27
2 34
9 18
5 92
7 18
3 32
1 73
6 2
1 50
9 91
4 32
8 39
5 35
10 40
9 29
8 73
4 66
5 52
1 91
10 3
3 30
8 35
7 22
6 94
9 90
2 10
3 82
9 18
3 62
2 26
7 4
9 37
1 29
1 18
3 90
10 45
7 75
9 60
2 40
4 17
6 47
3 57
9 20
3 53
2 43
1 18
5 88
3 100
5 9
6 64
9 86
4 46
7 99
10 26
5 30
1 11
4 84
2 73
8 75
9 79
6 79
10 79
2 10
5 67
4 71
3 88
6 55
8 58
10 33
9 47
9 12
5 7
1 25
6 68
7 70
2 12
1 61
2 90
5 6
7 84
3 90
5 16
7 62
4 60
4 70
10 48
10 92
8 9
9 15
10 86
9 30
1 26
7 31
1 84
4 68
6 15
7 47
1 24
1 35
3 84
4 76
5 66
3 72
1 23
6 16
1 81
4 54
2 82
1 56
7 11
2 39
4 19
7 73
5 8
10 57
7 26
2 56
3 97
5 25
5 8
4 28
1 87
4 18
5 13
2 57
5 20
6 75
1 34
10 14
1 16
6 68
5 79
4 97
3 72
9 55
9 31
1 60
6 58
2 62
9 11
10 57
9 15
2 13
2 39
3 85
10 29
6 8
2 2
1 28
9 34
1 20
3 16
5 83
3 22
2 43
5 66
2 53
7 97
5 88
9 94
1 54
5 42
9 14
8 14
1 95
10 43
6 9
10 68
10 45
6 93
7 30
10 60
8 71
2 99
5 79
6 69
6 17
7 87
4 67
5 14
2 15
2 65
7 38
5 66
5 97
1 77
8 21
1 95
4 93
5 37
4 92
8 68
6 65
2 5
7 86
6 64
6 37
10 35
3 33
2 2
1 21
9 50
9 32
6 25
1 52
5 91
10 11
6 33
3 82
8 90
10 49
7 45
7 86
7 4
8 21
4 15
6 21
10 62
2 19
2 58
2 50
3 23
6 50
3 68
9 86
2 72
2 64
4 71
6 54
5 24
9 27
10 64
10 57
5 64
3 83
6 73
9 73
5 57
1 40
1 77
10 50
5 46
9 31
5 89
7 19
7 84
5 36
1 29
8 9
1 75
7 29
8 100
10 73
10 90
9 34
7 14
2 16
3 88
9 26
7 52
1 54
4 100
9 95
4 49
3 13
9 22
6 59
3 1
10 9
1 21
2 32
7 1
7 70
1 57
7 1
8 46
4 34
6 3
3 73
1 98
3 74
1 91
9 19
5 55
3 66
8 55
4 100
4 0
3 60
8 38
1 71
10 84
3 59
10 78
4 50
9 9
7 94
10 7
4 64
8 77
8 62
5 72
8 99
5 33
3 37
2 7
6 44
2 69
10 60
9 22
1 88
6 100
2 75
5 38
4 30
9 79
10 37
8 52
6 90
2 86
8 51
6 71
2 60
3 28
2 79
7 3
8 96
10 34
10 35
7 5
3 49
2 10
10 16
2 64
9 54
3 98
8 7
6 4
6 4
4 84
6 0
8 12
5 11
2 24
9 33
6 18
2 50
7 89
3 65
2 18
1 59
9 59
5 95
4 35
7 92
6 89
8 48
6 38
6 61
5 60
1 70
9 46
6 45
2 84
8 87
10 5
8 75
6 24
5 85
10 97
4 0
6 24
7 11
9 98
10 37
8 67
3 30
3 74
2 10
2 4
8 87
10 28
2 88
6 30
3 6
3 58
4 26
6 29
4 85
4 28
2 46
8 33
9 69
5 10
7 27
5 76
7 2
8 3
7 50
4 47
2 94
9 17
1 62
5 68
10 16
6 71
5 39
1 19
5 64
7 8
4 52
6 25
2 1
9 99
7 86
4 23
5 41
8 27
6 74
10 77
5 44
3 41
1 90
5 83
4 53
6 28
6 10
6 33
8 7
10 38
9 71
5 76
7 14
6 43
6 74
3 21
9 22
8 80
10 65
7 62
7 63
1 59
10 59
4 28
7 38
1 1
6 90
2 45
4 67
4 49
3 14
9 80
5 64
5 55
7 69
2 36
8 4
5 74
8 23
2 49
2 30
6 20
1 29
4 73
1 47
10 11
2 2
7 29
3 71
5 29
2 99
7 44
10 86
9 92
3 87
5 91
6 97
1 17
3 15
5 90
1 15
7 80
10 61
5 40
7 63
2 18
7 94
9 66
4 81
2 18
1 13
2 20
10 48
1 77
9 66
9 2
4 83
4 83
5 43
1 1
2 90
5 88
8 42
3 63
5 60
8 14
5 85
2 15
9 1
5 71
5 6
10 68
8 57
5 39
4 61
5 43
7 41
6 84
8 58
9 17
1 1
9 45
7 34
7 5
5 84
1 55
6 60
4 75
6 91
7 57
8 6
3 48
7 76
10 70
7 36
10 55
9 66
5 77
4 69
7 12
6 33
5 66
1 74
1 21
8 98
6 52
2 23
1 70
10 36
9 21
6 5
5 19
4 4
6 31
3 49
9 91
7 8
2 17
7 11
9 44
10 53
6 72
9 82
8 27
8 81
4 49
1 11
4 69
9 98
7 84
4 88
9 13
9 59
7 37
10 65
5 70
10 70
8 45
7 36
1 75
2 81
6 45
9 73
5 6
3 9
8 17
4 35
1 86
3 89
5 53
7 11
2 13
5 4
2 38
5 65
2 78
4 9
8 15
10 35
7 26
1 63
8 46
1 68
1 95
2 78
3 2
3 3
6 58
7 41
1 54
5 46
4 19
10 84
9 87
6 92
10 1
8 76
10 47
7 54
6 30
5 52
10 58
2 75
1 50
3 59
4 89
7 68
10 51
5 51
9 0
9 93
3 6
8 24
8 88
3 88
8 74
4 75
3 72
3 34
9 14
3 15
2 61
7 71
8 99
7 10
10 79
7 25
6 38
8 43
8 58
6 66
1 65
2 20
3 14
4 6
6 12
3 57
5 19
5 13
5 43
9 99
7 61
5 48
6 82
5 70
1 70
6 31
6 2
3 25
7 100
4 29
5 62
3 16
8 80
3 47
10 22
7 61
2 98
4 12
4 96
6 16
3 97
3 35
9 74
7 88
7 14
5 24
6 47
10 0
7 4
4 94
10 63
6 91
8 81
2 38
8 54
3 48
3 65
9 72
1 55
4 48
7 57
1 30
6 17
6 1
10 93
6 34
7 84
4 79
10 3
8 13
4 28
3 84
5 76
5 39
3 70
9 85
10 18
7 44
6 22
2 76
9 95
10 15
6 95
10 90
3 22
7 71
2 61
3 83
3 52
5 52
3 66
10 84
6 76
10 24
5 33
4 11
1 3
5 32
6 10
3 17
1 57
3 31
3 97
4 39
2 70
4 73
7 7
7 79
3 2
10 91
3 20
9 88
1 93
6 95
2 64
3 64
10 48
7 55
10 83
3 32
4 68
6 95
3 37
1 40
10 45
4 54
9 47
3 58
8 13
7 62
6 71
1 23
5 9
7 96
7 67
10 3
8 98
1 49
5 87
9 78
9 98
3 92
5 5
2 5
5 51
10 95
8 77
10 100
6 32
8 40
3 67
10 38
4 84
8 7
3 83
10 68
4 58
5 14
3 3
7 38
6 51
5 71
7 74
9 87
10 39
7 33
5 79
7 8
6 5
4 11
10 91
6 29
8 22
10 59
1 97
6 22
8 20
9 12
3 86
7 79
6 92
2 71
4 72
1 88
3 27
3 67
10 66
9 44
3 93
1 70
7 43
3 54
2 7
2 57
4 98
2 90
6 77
6 85
2 76
8 33
8 10
6 38
8 94
9 91
2 78
5 47
3 71
9 42
2 41
4 66
8 21
7 88
9 76
4 12
9 0
5 20
9 27
7 77
10 2
7 83
6 15
10 92
4 42
1 85
2 79
1 40
3 1
3 45
5 36
6 71
1 99
8 75
5 48
3 33
7 26
5 45
4 36
9 24
2 8
4 74
3 90
1 58
1 63
6 23
5 9
5 20
8 15
10 9
9 75
1 74
5 26
1 31
5 37
4 56
4 38
9 89
9 71
7 60
2 10
5 88
6 77
3 83
4 2
3 41
6 31
5 89
7 43
1 17
9 93
10 67
3 94
9 55
6 73
10 4
1 52
9 82
10 28
8 99
2 46
6 81
10 93
7 24
4 42
9 20
1 62
2 88
5 90
8 96
10 16
5 12
7 66
10 46
2 94
10 62
2 29
10 65
5 41
9 72
5 56
7 73
1 8
8 91
9 65
8 70
5 7
7 98
4 1
3 75
10 0
8 26
2 97
4 86
6 99
1 1
6 59
1 6
9 3
1 2
4 50
10 47
2 60
10 32
7 53
7 89
8 70
6 68
3 32
1 26
9 43
3 81
1 94
2 15
8 98
7 93
3 57
6 100
7 61
6 28
3 38
7 63
6 31
2 52
6 74
8 64
6 67
1 33
10 10
1 94
10 13
7 16
8 29
1 44
4 31
10 23
9 49
8 92
1 37
1 76
3 48
4 44
5 51
8 35
4 22
6 58
5 44
9 13
2 85
10 65
3 83
8 79
6 18
1 96
3 40
7 98
5 30
9 41
7 17
3 45
8 28
1 71
1 21
7 25
2 56
6 42
6 54
6 16
5 62
8 100
5 83
4 65
7 71
9 25
8 10
6 62
7 36
4 36
5 92
9 16
4 5
3 24
10 12
1 41
5 67
6 39
10 4
2 5
9 49
6 35
8 18
1 88
2 56
2 37
8 89
4 11
4 8
5 42
8 26
1 58
8 79
7 46
9 91
1 100
10 55
4 57
9 36
8 28
9 79
6 13
1 15
10 26
1 55
3 64
8 47
7 29
5 100
7 67
8 6
3 48
6 11
7 71
2 20
2 10
6 16
5 4
8 87
8 59
6 12
10 62
1 22
4 68
10 63
3 60
5 30
2 49
7 62
7 25
6 8
5 74
8 27
8 18
9 8
4 66
10 19
2 24
2 82
1 52
6 33
2 54
2 7
8 50
5 55
10 28
2 51
2 67
2 33
8 98
5 28
2 20
10 49
7 71
7 94
6 9
9 57
9 24
6 54
10 43
6 72
2 50
5 39
2 60
7 20
2 58
9 72
5 38
4 47
5 27
1 66
4 93
4 82
3 48
8 41
5 9
4 73
10 95
2 41
3 100
5 82
8 76
7 65
10 25
1 9
2 67
7 99
2 93
5 30
10 86
9 87
7 97
3 51
3 19
1 88
3 71
2 75
5 60
4 91
4 10
3 66
5 59
1 51
7 78
10 49
3 66
9 79
10 29
3 10
3 63
3 33
4 21
3 65
6 40
10 9
1 1
5 94
2 2
4 5
4 59
9 7
9 99
4 92
3 93
5 35
6 30
6 71
1 31
2 8
10 7
5 29
9 92
2 79
4 0
2 23
1 84
2 26
4 96
7 95
7 18
8 1
5 71
8 96
5 75
7 17
9 95
3 85
7 26
9 52
8 92
3 40
8 65
9 16
9 20
8 20
6 46
2 82
10 35
9 23
8 98
1 97
1 95
2 82
4 75
6 57
5 66
4 29
6 77
1 21
7 34
4 17
7 67
6 69
8 89
1 46
5 1
8 8
4 70
7 49
10 34
1 90
6 36
1 60
10 30
4 65
8 55
4 20
6 45
7 59
10 97
2 21
1 63
10 52
7 68
9 40
4 44
5 56
9 15
8 33
7 94
9 46
10 79
8 100
4 55
10 17
1 27
1 16
4 70
2 84
7 62
6 100
2 45
7 58
10 30
1 20
9 71
4 26
2 43
1 19
6 28
5 0
2 93
7 86
4 26
1 32
2 20
3 20
10 37
1 83
5 81
9 22
1 86
3 51
8 61
7 97
9 93
6 62
9 9
7 24
3 60
10 81
9 57
7 3
8 8
10 63
6 59
7 3
7 9
9 12
9 36
6 64
1 20
5 17
10 14
1 19
2 80
1 25
4 44
1 38
3 100
8 21
6 42
10 68
8 68
2 82
7 2
1 93
3 25
4 93
8 29
2 44
10 96
2 1
7 68
6 0
5 61
5 51
7 24
2 21
10 80
1 87
2 24
9 47
3 51
2 18
7 30
2 40
6 55
4 17
4 55
8 70
4 28
6 55
6 65
6 92
5 91
3 57
4 68
3 20
5 89
1 36
5 36
2 78
4 63
4 9
5 40
8 71
10 53
7 18
6 32
10 90
2 56
6 68
8 51
4 8
2 45
3 54
9 82
5 46
5 76
9 16
9 91
3 99
8 69
9 71
6 23
10 4
7 72
7 62
1 7
1 96
8 38
7 13
6 73
4 7
6 91
2 11
7 66
4 40
1 72
2 84
3 11
7 59
5 78
7 14
4 96
9 58
1 60
1 98
3 89
8 63
2 70
1 66
1 52
9 77
10 58
9 95
7 50
7 30
7 19
9 79
8 30
5 79
9 38
3 60
3 46
1 71
5 87
2 58
5 88
5 58
9 23
9 50
3 58
1 19
8 91
7 9
10 81
7 28
5 4
6 55
5 5
9 80
5 15
9 14
4 58
7 3
9 62
1 32
9 84
8 36
10 29
9 57
2 84
3 0
7 16
6 61
8 75
4 78
4 63
10 11
10 52
5 79
2 31
6 9
9 100
10 28
8 15
2 78
6 98
2 39
8 38
2 76
10 42
2 27
9 51
4 42
1 90
9 91
2 30
5 25
2 17
9 50
7 92
7 30
1 74
2 98
2 54
8 33
5 69
2 16
6 14
8 38
5 33
3 12
7 95
3 36
8 71
4 91
4 81
10 97
8 22
6 29
3 29
1 64
2 72
7 87
1 65
6 4
10 45
10 99
5 30
7 64
1 69
6 31
5 15
5 66
9 19
2 34
2 71
1 78
10 69
1 77
7 15
7 2
1 44
10 17
6 28
3 19
9 95
6 2
5 97
7 50
9 100
9 89
4 85
6 11
3 39
6 30
2 11
2 29
5 8
10 53
9 94
1 88
1 60
6 27
9 97
9 93
9 53
8 54
9 75
4 57
2 34
8 45
8 81
2 72
1 24
6 23
6 47
3 63
4 84
3 39
10 73
3 82
5 50
4 28
7 94
5 46
2 81
10 55
2 84
7 98
7 37
7 31
7 41
2 71
1 61
5 34
9 84
7 32
9 63
5 61
9 3
1 26
8 21
5 60
1 8
9 56
1 90
3 9
9 52
3 69
6 93
10 92
4 29
5 93
8 66
4 68
5 19
6 80
1 28
5 91
3 16
2 50
2 96
6 89
9 32
8 30
6 42
7 35
5 56
10 43
3 4
3 55
7 78
10 59
8 51
7 90
6 94
1 91
9 36
7 40
10 93
7 62
1 42
9 78
5 54
8 81
10 58
6 83
7 12
5 33
8 21
9 49
8 62
5 75
6 66
9 21
5 42
4 1
9 47
1 11
1 88
3 17
4 2
9 43
3 55
6 4
5 63
9 29
5 61
4 28
7 94
8 73
10 31
6 15
9 70
6 71
1 46
10 58
4 19
4 44
4 72
9 56
6 84
6 86
1 19
5 41
7 12
1 81
7 47
4 17
2 29
8 41
8 10
5 73
5 75
10 100
10 17
5 0
8 25
7 3
9 78
1 63
6 56
6 91
10 77
5 42
4 57
4 76
2 69
2 66
4 83
1 50
8 36
6 53
8 48
6 47
4 39
3 30
10 99
2 88
4 90
8 33
10 24
6 64
3 21
10 65
6 52
3 84
2 34
3 91
7 63
3 47
4 45
4 42
5 73
6 56
7 57
5 21
4 95
10 2
9 38
8 81
1 100
2 49
5 92
7 95
9 89
4 64
3 74
6 39
3 68
8 61
3 63
8 69
4 54
9 74
6 44
6 60
7 54
8 85
10 6
9 28
10 59
3 8
4 58
6 41
3 56
8 86
2 3
4 82
2 50
3 11
4 3
2 83
1 1
5 43
5 34
8 12
7 44
2 2
4 54
5 57
1 91
9 12
3 96
8 19
1 68
7 24
1 93
9 68
3 73
5 100
7 26
10 8
2 22
3 33
5 16
1 28
3 97
3 0
1 21
2 50
3 80
3 33
1 7
1 40
2 34
8 73
5 73
4 17
4 51
3 5
5 20
7 85
4 19
6 24
2 71
4 71
4 41
4 74
5 38
10 90
7 97
2 86
9 38
10 62
3 27
6 61
7 74
1 22
3 52
3 88
8 31
3 74
6 78
3 15
4 22
5 70
5 3
9 30
9 36
8 26
9 92
9 91
8 62
3 72
7 55
1 67
3 49
7 82
10 56
8 87
5 94
5 86
8 95
8 82
8 10
1 15
8 67
6 15
4 15
1 76
7 64
5 50
3 46
1 7
2 3
6 23
7 33
10 55
2 3
9 4
7 55
10 43
3 44
10 36
1 80
7 72
10 50
3 94
6 64
1 18
6 14
2 54
10 99
10 84
7 99
5 94
4 58
7 46
2 71
3 62
7 27
2 81
4 93
6 3
8 77
5 47
9 51
3 64
3 2
6 34
8 100
7 48
7 88
4 77
3 62
6 51
3 69
1 32
5 91
3 6
3 68
8 36
5 23
8 52
9 54
3 52
2 23
8 100
6 73
10 19
6 45
1 52
10 71
8 10
9 29
10 25
6 100
3 83
3 11
2 60
5 26
2 76
5 94
4 43
2 57
1 14
5 96
7 45
2 48
1 76
6 4
8 85
3 100
5 50
5 94
1 57
8 35
5 63
1 1
5 3
5 82
10 57
10 14
10 26
10 88
5 46
1 57
5 90
2 14
7 62
10 12
7 64
1 38
7 46
3 2
3 45
5 20
10 17
4 63
10 84
10 73
2 12
8 48
4 52
3 85
5 75
4 20
9 40
3 67
8 30
4 64
6 96
4 15
7 55
4 96
9 55
7 42
2 38
3 78
2 24
6 48
10 76
10 64
9 56
8 94
8 27
8 6
3 66
4 6
4 58
6 68
8 65
10 5
2 42
8 8
5 7
6 54
2 42
10 98
1 58
4 40
1 19
2 52
8 11
6 94
4 7
7 81
4 95
2 65
9 99
9 20
7 81
6 4
8 88
6 78
6 72
2 0
4 62
8 9
3 53
8 42
1 37
10 15
9 36
2 39
8 8
3 93
6 45
8 63
7 57
3 83
3 79
6 100
2 80
8 11
9 85
1 97
5 25
2 6
3 82
4 56
2 94
4 91
5 21
7 44
5 55
3 21
4 19
8 65
2 43
2 54
10 38
3 82
2 45
4 21
4 58
6 10
5 8
5 50
5 11
2 71
2 23
10 42
3 32
10 97
5 98
5 41
6 96
2 81
7 79
9 85
7 85
3 82
8 10
6 66
2 44
1 75
3 99
2 30
1 48
2 99
6 86
7 78
2 66
4 26
7 82
4 64
2 59
5 26
10 20
9 57
10 67
6 2
10 61
8 93
8 72
1 71
10 80
9 60
2 78
1 13
5 58
2 81
5 72
1 37
10 79
1 31
2 98
5 8
7 83
6 58
3 55
2 72
9 67
7 94
8 75
10 26
1 93
6 0
1 53
7 34
8 79
3 5
7 40
10 89
7 53
10 21
4 11
5 93
9 37
6 90
10 46
7 99
3 78
2 98
1 62
3 44
10 11
7 83
5 6
5 54
8 46
4 11
4 30
8 96
3 95
8 17
3 39
6 55
1 37
4 41
1 46
6 54
8 11
4 7
1 79
3 79
5 54
7 53
5 3
5 65
5 62
2 87
4 75
9 94
5 59
5 69
10 59
2 37
2 95
8 22
8 1
6 64
5 91
8 22
9 29
8 29
3 86
10 42
2 77
7 82
6 22
8 98
3 60
1 75
9 11
5 72
9 1
9 36
9 18
9 41
6 84
3 81
3 31
9 21
2 43
4 26
8 57
10 33
1 4
7 5
3 32
7 46
4 98
5 90
8 10
2 37
5 70
5 89
9 61
7 51
5 10
10 75
4 18
3 96
2 83
10 75
4 5
3 96
4 92
10 7
6 94
7 95
5 61
10 71
6 9
10 47
2 9
8 81
6 32
9 81
8 87
3 65
4 5
6 73
4 75
10 38
5 69
5 91
9 53
4 18
4 46
8 36
5 15
1 65
9 40
2 20
3 92
7 34
3 19
1 78
5 45
7 23
5 59
6 88
9 62
5 22
4 52
6 43
10 97
4 63
5 59
8 17
2 12
3 55
2 42
8 90
3 95
8 19
5 79
8 58
6 75
2 97
2 100
9 5
2 22
6 89
1 92
1 44
10 12
6 98
4 66
1 37
4 44
2 71
2 99
8 30
7 12
10 75
5 36
2 61
6 5
4 61
8 93
7 82
2 99
6 38
4 36
3 60
10 78
1 1
3 9
8 48
8 72
6 28
5 24
7 28
4 78
2 94
3 54
7 79
8 26
5 15
1 93
8 92
6 3
8 12
10 12
1 61
9 16
3 33
8 26
6 74
4 76
10 4
4 97
8 95
5 22
2 53
5 42
4 39
6 70
6 12
5 31
4 51
3 24
5 27
10 54
8 49
3 52
8 59
5 95
10 8
10 82
7 60
6 57
3 37
2 86
3 55
9 63
1 11
4 18
5 86
2 4
5 18
9 32
8 11
6 9
4 43
10 55
7 59
9 78
7 66
4 63
3 100
1 2
9 31
2 11
2 53
10 32
3 91
2 83
9 40
3 37
5 25
9 34
7 56
6 80
1 69
6 54
5 42
8 31
5 51
6 10
8 20
10 4
2 96
9 60
2 90
4 33
9 23
9 79
9 46
3 41
8 99
7 67
8 23
9 96
4 16
9 23
3 26
7 97
1 95
5 60
1 30
5 30
7 13
8 79
9 8
2 44
8 65
9 85
7 91
7 76
7 70
6 88
1 18
7 32
6 49
3 70
2 72
1 30
2 8
10 4
3 73
4 88
4 43
8 67
8 72
1 81
3 56
8 57
7 89
5 78
2 77
5 0
8 87
7 75
2 2
1 73
3 65
8 89
2 57
10 12
6 1
8 26
6 73
9 64
9 52
2 19
4 46
7 55
1 9
1 85
1 81
7 69
5 63
10 14
10 30
1 37
6 14
3 73
10 100
3 55
2 63
2 48
1 80
5 67
5 67
5 14
9 87
5 79
4 19
9 63
2 41
3 82
10 79
7 62
6 54
10 19
1 83
9 23
8 5
1 34
8 67
8 91
8 18
6 90
8 12
5 7
6 34
4 39
6 9
7 63
10 13
10 59
5 87
4 46
5 86
7 90
2 3
3 60
8 41
3 6
10 9
8 11
8 50
3 30
7 17
6 62
5 35
1 51
5 79
9 20
2 16
8 31
4 81
5 50
4 41
2 55
1 56
4 42
2 83
1 63
4 96
10 16
6 5
2 46
3 72
9 68
1 13
9 50
3 44
9 88
3 15
10 23
3 63
2 56
8 69
10 53
5 43
8 23
1 100
5 33
9 82
8 15
1 35
6 18
5 67
7 36
8 72
5 13
2 49
4 54
2 22
6 74
7 42
4 92
1 3
2 41
1 30
9 34
1 1
5 62
7 39
8 57
3 81
3 59
1 45
8 38
1 19
5 91
5 42
10 57
5 0
7 33
1 0
6 1
7 32
10 3
1 13
1 8
6 58
8 14
5 21
4 77
4 29
2 25
5 5
6 73
9 15
6 64
10 88
1 28
5 86
5 49
6 52
1 14
4 52
4 2
7 78
3 34
3 23
5 75
5 49
5 100
2 14
5 28
2 66
5 11
9 59
5 13
9 3
2 1
3 11
9 34
5 4
6 84
9 93
3 84
4 39
4 52
2 96
8 82
2 68
10 4
8 5
2 90
3 68
7 29
8 17
10 2
6 64
2 73
8 75
6 77
10 76
10 0
4 47
7 63
5 0
8 60
7 35
4 84
7 79
5 74
6 36
10 21
2 10
1 32
7 7
8 49
2 46
1 94
5 23
8 42
2 35
6 11
4 15
8 16
5 86
8 87
3 71
3 85
9 67
3 24
9 11
8 5
6 63
4 29
4 64
10 70
6 74
7 88
9 11
5 22
6 95
10 91
9 20
7 20
10 13
9 64
3 9
3 90
1 61
1 96
1 68
6 58
4 6
6 52
8 80
3 12
2 23
4 38
8 88
6 100
4 56
8 51
3 1
3 87
1 91
7 78
3 56
5 47
4 64
1 95
3 82
8 77
7 48
2 99
1 40
9 32
5 45
1 31
5 4
6 36
3 46
10 22
7 44
10 44
8 45
9 93
2 54
5 16
4 47
6 45
7 11
5 11
2 28
9 72
10 77
5 69
5 93
4 13
7 18
2 43
7 99
5 61
6 2
7 100
6 55
6 16
1 12
8 67
10 91
5 20
7 90
1 10
2 41
3 56
5 26
2 65
2 91
1 23
5 52
4 31
3 64
6 87
2 33
7 4
10 11
9 76
3 18
5 71
10 47
10 90
7 63
10 15
7 79
8 80
7 91
7 50
2 97
4 95
2 21
2 79
4 49
7 32
8 53
1 89
10 64
2 66
3 76
5 52
8 67
8 27
7 65
2 36
5 68
4 76
4 30
9 75
4 41
2 94
9 93
6 92
7 29
10 35
10 22
6 1
7 23
7 87
7 80
10 14
1 75
2 67
9 82
7 34
2 55
5 34
7 97
3 9
1 25
3 27
8 68
3 76
2 85
9 55
2 62
10 70
4 97
3 85
5 39
2 42
1 36
2 97
8 32
9 32
9 14
2 73
1 68
1 20
5 22
10 39
3 4
7 60
3 87
7 49
9 62
2 48
10 75
3 25
6 63
5 31
6 97
2 66
8 100
8 14
3 59
9 75
5 27
5 76
6 30
1 16
6 11
5 51
9 49
6 76
3 37
7 83
5 67
9 87
9 93
9 50
1 53
2 40
4 78
5 6
8 43
10 3
1 0
4 84
3 65
6 85
7 40
8 77
10 21
5 84
4 56
2 17
8 99
2 38
7 54
5 15
2 100
6 15
10 93
2 47
2 56
3 34
7 82
5 16
5 42
4 67
8 34
7 16
5 61
9 28
9 78
10 47
10 46
7 70
9 77
5 85
2 97
1 73
1 48
10 71
6 55
2 75
6 36
6 52
2 95
7 35
7 80
6 26
1 58
2 93
9 94
7 0
10 47
6 77
8 51
1 69
6 94
2 57
1 94
2 36
9 65
5 82
10 63
8 49
1 24
3 36
3 50
9 40
3 87
2 26
10 80
1 45
3 78
8 1
3 73
10 7
7 87
6 22
8 66
1 73
2 51
2 28
9 21
2 27
2 2
5 20
4 56
5 39
8 52
9 67
2 16
2 68
5 6
7 76
9 59
2 76
3 24
1 57
6 28
1 19
6 12
6 63
10 4
10 64
6 88
3 19
6 61
5 54
7 28
6 26
3 94
4 93
10 93
7 44
5 96
9 37
6 30
9 42
1 8
8 5
5 29
8 18
10 53
3 75
9 75
4 62
8 72
6 43
7 98
9 10
4 88
9 51
8 11
10 70
10 64
9 11
8 56
9 85
6 39
1 53
10 58
5 91
4 51
4 35
7 23
3 5
1 26
6 42
4 15
10 100
4 44
9 59
6 70
3 1
3 91
9 5
6 57
5 83
8 53
9 53
3 38
2 33
7 15
3 58
6 77
6 40
5 63
10 43
5 39
3 13
2 15
6 77
5 50
7 15
9 87
9 43
10 37
6 24
3 99
5 23
3 99
4 7
4 3
7 37
6 51
10 89
3 95
8 30
3 26
9 39
4 74
4 19
5 26
3 83
7 90
8 10
10 81
1 41
8 29
10 11
7 28
3 87
3 22
7 25
1 89
10 4
4 42
7 92
7 77
7 93
4 95
2 51
10 9
6 76
6 90
5 19
2 13
5 3
3 8
6 14
8 72
2 100
9 6
1 17
7 78
10 23
10 14
4 95
10 11
10 49
7 99
3 78
8 70
7 68
8 62
5 99
4 13
4 36
1 44
7 65
5 76
9 62
10 44
10 84
1 35
6 42
3 99
6 33
6 44
9 30
7 1
5 24
6 66
10 2
7 38
2 65
1 23
4 36
6 67
4 38
3 37
8 78
7 79
3 27
3 98
8 95
6 60
2 18
9 90
6 65
2 58
10 99
10 46
4 74
2 36
3 10
7 10
3 9
6 82
8 38
9 55
2 0
3 84
1 99
2 68
10 22
6 25
8 61
2 92
4 9
6 96
4 11
1 56
4 100
3 7
4 41
6 2
5 29
1 78
8 38
3 3
5 55
9 88
1 46
7 95
2 46
1 42
2 16
10 67
8 95
7 96
6 75
4 18
2 10
1 19
3 17
8 84
6 96
10 33
3 32
3 17
8 25
6 8
6 99
9 4
1 9
4 33
3 37
6 41
9 24
6 39
10 24
10 67
3 23
8 26
7 41
5 66
5 87
10 65
1 37
6 44
7 66
9 65
9 24
3 64
9 47
3 61
4 84
9 4
7 52
2 19
8 99
4 99
10 25
5 70
3 60
5 35
10 52
10 9
3 81
5 82
7 83
10 67
6 29
9 67
5 90
4 18
2 99
7 62
3 30
6 93
8 60
7 40
6 99
9 4
1 14
1 6
4 98
7 28
9 53
8 24
10 8
7 17
7 95
9 93
7 84
5 77
2 0
10 77
2 11
9 85
8 17
8 56
7 40
3 25
2 19
8 26
7 79
10 33
4 94
2 37
3 72
6 88
10 82
8 70
1 35
4 54
6 64
1 20
6 68
10 6
6 92
4 24
3 69
8 86
10 96
8 94
8 34
4 27
2 6
5 65
4 76
5 48
7 40
8 60
3 21
4 76
7 92
9 22
2 33
1 4
1 8
9 27
4 80
6 71
3 71
10 60
10 8
6 93
10 68
1 0
5 26
1 33
6 13
10 7
10 96
10 41
10 68
10 8
3 68
2 88
2 5
10 38
2 56
8 91
9 12
3 32
4 35
4 83
5 80
3 20
5 43
2 82
10 84
3 46
8 90
6 90
9 93
1 45
2 38
8 91
10 61
4 96
10 23
5 13
1 12
3 6
4 95
3 47
3 92
1 95
6 57
8 90
9 79
1 27
5 98
2 35
3 96
8 29
4 12
5 74
6 93
5 29
10 31
8 89
8 83
4 38
7 81
1 49
7 54
10 90
6 98
9 11
2 95
1 30
9 84
2 37
10 96
9 36
1 85
4 66
4 16
10 47
7 100
2 41
5 77
6 79
3 74
9 65
10 81
7 19
3 87
3 0
3 100
7 68
2 39
10 5
3 99
1 12
5 36
7 53
5 23
10 51
3 75
6 28
5 95
5 52
6 7
4 8
5 27
10 88
7 46
4 35
3 64
1 36
2 6
4 3
9 77
6 5
4 23
5 83
1 83
6 53
2 52
2 21
6 70
3 23
1 5
2 83
8 97
6 48
8 80
9 20
8 52
7 79
10 94
2 48
1 75
7 75
4 16
6 83
3 53
2 93
7 55
3 14
5 54
10 72
3 72
3 91
7 89
1 50
4 10
2 1
10 26
7 14
1 69
10 0
2 33
3 37
4 85
6 72
10 43
8 23
10 94
3 21
1 65
7 37
1 26
5 16
4 3
9 63
7 20
9 56
3 30
10 10
2 1
1 76
5 95
8 50
7 55
8 64
5 31
9 27
8 80
10 4
7 70
5 26
2 32
5 57
4 20
6 64
3 56
4 12
1 43
1 93
3 52
7 88
7 37
4 89
6 14
4 8
1 86
5 6
1 9
4 54
4 19
3 97
4 42
9 44
5 31
4 14
3 71
2 72
10 27
10 20
7 43
5 77
5 35
4 46
9 18
4 4
5 99
8 73
10 25
7 1
10 70
8 95
3 19
4 31
10 68
5 27
6 11
2 28
8 57
4 20
3 27
9 5
7 11
1 67
6 13
10 46
1 36
10 13
1 32
4 72
4 81
10 1
5 39
7 86
3 43
7 51
4 5
1 35
5 12
10 22
3 77
9 68
10 78
9 43
1 52
1 28
1 88
7 13
8 66
10 99
7 86
7 21
4 23
3 0
4 56
4 60
3 29
10 46
4 53
6 30
5 11
10 91
4 7
7 20
9 96
5 7
5 70
2 13
2 61
3 5
9 39
5 87
7 42
8 39
4 10
4 19
9 54
1 56
3 18
5 76
4 50
1 18
7 60
5 98
8 68
6 93
10 41
3 16
1 100
8 18
2 6
4 71
9 23
7 68
3 14
4 32
10 18
10 26
4 25
4 44
7 100
6 99
5 38
7 89
3 59
1 20
9 79
5 34
6 2
7 93
7 2
3 48
10 28
10 88
3 15
5 28
8 82
9 62
7 93
3 3
9 24
8 73
3 89
4 85
3 52
4 78
1 11
9 19
6 46
4 7
7 95
10 17
6 2
4 50
6 60
8 63
5 11
3 8
5 76
7 96
6 97
4 70
1 34
10 96
2 9
7 53
10 94
1 84
6 81
10 85
1 29
1 59
10 68
3 23
9 38
6 38
4 5
5 42
8 88
4 40
3 52
3 41
1 97
10 76
10 20
8 18
5 16
6 34
10 14
3 12
1 28
6 94
3 97
10 85
8 26
9 23
1 63
10 56
5 68
9 72
9 25
5 16
7 86
9 68
10 88
6 43
5 92
1 46
4 61
1 26
1 73
1 90
3 80
8 31
1 43
10 94
7 52
5 22
9 24
10 80
7 41
7 17
2 34
8 25
3 13
3 36
6 88
5 48
8 88
8 35
8 49
6 16
8 16
5 24
5 61
9 45
8 63
4 34
8 10
4 63
2 12
8 34
10 92
2 11
4 82
7 64
2 34
10 66
5 51
9 71
6 16
4 6
2 58
2 20
10 37
4 80
7 67
7 11
6 89
10 34
2 14
2 98
7 43
5 48
3 7
8 36
10 79
3 86
7 81
8 66
8 17
10 91
7 4
5 13
6 68
3 25
2 18
3 13
4 28
8 74
9 15
3 36
10 16
3 86
4 28
4 66
5 82
3 7
9 70
5 28
5 38
10 16
6 98
3 89
1 4
3 65
6 28
8 100
8 99
3 14
8 8
7 80
6 27
1 83
3 27
7 85
6 71
10 6
7 88
7 81
10 90
10 53
2 16
8 79
1 10
1 81
1 57
9 36
2 48
10 97
9 1
10 19
7 19
8 89
6 32
4 2
5 88
3 82
3 48
8 28
3 74
4 100
8 80
9 72
6 43
2 99
2 19
9 65
8 88
2 46
9 92
3 34
5 68
6 86
1 31
2 82
1 88
8 23
2 22
8 95
9 53
5 83
10 20
4 23
9 5
9 46
5 35
7 19
7 22
10 96
5 100
5 66
10 7
1 87
8 37
6 54
2 100
4 27
6 88
4 78
4 74
6 77
3 74
10 17
8 94
7 59
10 63
1 96
2 68
2 31
7 78
1 14
2 96
8 79
8 81
6 4
2 72
4 80
6 29
2 15
7 72
9 74
2 42
7 55
2 25
10 29
7 57
8 96
2 86
6 14
3 3
8 2
8 100
2 26
2 97
5 58
5 7
2 5
5 33
9 43
8 65
7 60
4 69
5 43
5 74
4 93
2 53
9 37
1 29
3 59
9 87
7 92
8 19
7 76
9 53
3 54
5 2
7 60
2 41
6 50
8 0
4 46
7 64
8 32
4 10
2 61
9 58
8 34
4 100
7 51
1 83
1 48
4 39
8 40
2 83
5 24
10 91
9 25
5 97
10 23
9 37
3 71
7 40
10 48
9 89
8 62
6 7
1 88
2 14
10 61
4 2
8 31
5 82
4 73
7 5
5 54
3 44
9 7
4 48
3 94
10 34
9 48
10 22
4 0
5 1
9 78
10 80
3 90
2 67
9 49
10 55
10 84
4 66
10 53
7 95
3 10
4 89
5 59
2 79
5 20
3 63
4 27
3 2
9 90
5 42
4 49
7 30
3 51
2 74
9 40
4 62
8 37
10 50
6 62
4 22
5 59
3 38
4 58
8 27
8 73
9 3
6 94
10 17
7 41
10 9
10 63
1 87
1 38
7 46
6 96
10 30
3 37
1 98
2 20
6 64
3 32
3 98
3 40
6 77
5 26
10 48
3 78
1 47
5 55
5 30
1 86
5 61
1 14
3 46
4 1
3 13
3 86
10 19
9 90
5 52
9 40
1 80
8 38
3 24
3 30
6 57
4 88
10 0
7 9
5 73
10 22
5 43
7 89
2 75
5 41
8 75
4 17
1 95
1 33
3 43
8 64
4 34
6 24
1 24
1 58
2 49
10 73
1 31
1 28
6 24
5 37
6 75
2 9
9 11
5 97
3 90
3 61
2 16
2 63
10 41
2 90
7 42
10 93
8 96
7 23
4 36
5 19
10 75
2 100
5 21
2 43
7 68
3 54
9 99
6 71
7 43
1 37
4 39
2 93
5 59
8 80
4 70
7 13
6 96
10 90
10 3
3 27
7 60
5 42
2 13
3 22
4 21
9 1
6 27
6 59
2 45
9 34
3 57
6 24
4 43
1 18
6 7
6 99
9 33
9 31
9 44
8 90
10 57
9 56
3 37
2 62
9 58
8 54
8 2
2 77
9 9
10 39
2 92
2 1
2 68
6 97
9 63
10 46
7 0
1 19
7 66
9 7
3 97
7 73
5 67
4 57
8 48
10 75
9 96
2 58
7 45
4 19
8 61
5 56
8 78
6 34
1 44
9 24
2 25
3 44
3 55
4 29
6 0
10 49
10 90
10 81
4 67
8 28
2 54
2 26
2 88
1 28
5 94
3 94
10 75
6 67
1 83
3 23
3 70
4 75
9 52
4 26
3 75
7 63
6 97
9 72
2 21
7 27
9 78
1 61
3 57
5 100
1 72
1 34
8 59
2 76
1 4
8 80
9 81
9 96
5 91
2 31
4 15
2 26
5 55
4 74
5 50
8 62
10 15
9 99
10 40
10 1
9 97
6 37
8 59
6 44
9 97
7 100
7 23
8 99
5 19
7 73
6 32
10 80
8 7
4 11
2 61
7 81
10 20
6 92
5 100
9 95
6 47
6 69
2 62
3 70
7 31
3 13
7 34
6 58
2 37
2 54
5 73
4 31
8 3
8 39
10 71
6 44
5 86
1 32
9 76
10 99
9 11
6 98
10 88
5 68
7 56
1 32
4 70
10 7
7 62
3 8
8 53
6 11
8 6
10 64
5 96
1 42
1 79
3 50
6 35
10 79
10 43
4 42
10 71
10 37
4 4
1 27
3 41
7 28
7 65
4 46
8 100
6 79
7 60
5 42
3 66
7 7
10 57
4 91
1 85
2 99
7 27
2 45
6 71
8 79
2 75
9 38
9 82
8 67
1 64
9 18
8 22
7 88
10 67
7 65
3 96
7 100
3 14
9 4
3 1
3 20
6 6
5 82
8 76
2 79
4 11
10 62
6 5
4 81
5 3
8 6
4 44
7 11
8 34
1 30
9 7
2 63
10 77
4 2
1 10
5 67
7 3
10 76
6 93
3 37
6 21
9 41
10 79
8 52
2 99
2 35
1 86
5 73
10 87
2 1
4 39
4 55
9 28
5 97
7 16
1 78
7 90
5 13
5 32
7 69
1 42
3 21
9 24
1 9
8 34
6 33
9 85
6 18
4 49
10 67
3 80
1 36
6 90
9 94
7 50
5 57
9 65
8 80
6 66
7 17
9 70
9 100
9 90
2 55
3 20
4 93
4 23
5 93
4 93
3 84
6 65
8 25
6 77
1 11
10 20
5 15
5 17
8 11
3 86
9 99
2 18
1 16
3 87
9 68
8 40
4 80
7 51
7 35
9 52
7 14
4 68
6 62
2 32
8 4
9 41
4 69
4 92
8 5
6 59
4 0
1 1
1 20
10 5
7 87
7 1
6 82
5 47
10 96
10 43
10 82
2 54
9 43
10 62
2 41
2 18
2 64
6 87
3 2
4 4
2 61
4 9
10 16
4 21
9 27
6 44
1 18
7 99
9 29
2 20
9 91
5 70
3 17
2 40
9 14
6 52
2 52
3 82
5 71
3 85
2 51
1 15
6 49
6 35
2 20
5 3
9 69
8 96
6 24
9 11
7 90
8 15
4 54
10 36
2 64
10 77
10 5
4 30
7 96
10 24
3 55
2 29
10 89
1 97
6 3
3 83
3 76
9 70
5 79
6 20
9 17
8 48
1 66
8 44
1 27
5 15
3 100
10 44
5 81
7 20
8 61
5 37
1 20
3 32
10 16
6 47
8 49
5 34
10 70
7 2
7 57
3 94
7 65
6 28
6 0
8 12
1 46
7 17
4 77
7 95
10 26
5 7
6 57
4 93
7 24
9 91
4 40
4 44
1 71
9 79
7 82
3 53
1 15
5 17
1 24
3 56
2 44
9 73
3 34
4 38
2 95
2 8
6 27
10 24
4 68
8 44
10 35
3 48
4 71
3 37
8 52
8 95
1 28
10 19
5 84
8 74
9 20
4 36
1 31
8 97
1 15
8 45
3 55
5 82
3 59
3 96
3 58
4 27
6 38
9 55
4 1
6 53
7 61
4 96
6 64
6 50
6 40
2 42
6 83
4 48
6 78
5 39
2 80
3 87
5 64
10 66
2 64
4 67
10 45
2 7
3 86
1 66
7 14
10 72
3 51
4 88
8 96
8 79
10 73
9 86
1 30
4 83
7 10
4 63
8 47
3 41
9 83
10 87
9 78
6 57
4 59
10 19
8 73
10 25
10 3
9 36
7 6
7 28
7 19
7 38
9 54
3 13
7 60
8 95
6 9
8 11
4 89
6 97
2 17
1 32
7 78
10 50
10 60
4 14
7 26
2 9
7 38
6 25
2 32
6 86
3 35
8 32
2 96
2 23
2 56
5 34
7 51
6 12
5 61
4 88
7 30
4 80
5 44
7 77
7 28
6 51
10 39
6 96
4 83
2 42
5 29
2 11
8 61
10 27
3 59
6 62
6 50
10 23
2 54
5 59
4 66
1 23
10 73
1 27
7 12
8 36
1 20
6 14
1 59
9 38
7 99
1 31
9 56
6 98
7 35
8 42
6 40
