20
34 2 12 6 26 5 14 1 24 7 27 7 26 3 34 11 12 5 34 9 10 8 34 27 33 1 27 8 18 12 18 30 34 25 32 6 23 25 28 
17 2 14 5 15 14 16 3 7 4 14 4 15 5 7 1 8 1 15 
32 19 27 4 20 1 23 22 27 3 24 9 25 14 29 1 26 15 31 18 22 3 17 2 26 1 32 25 32 7 19 
24 10 14 14 24 5 17 7 15 5 20 2 22 2 9 7 14 5 16 5 12 19 24 3 24 17 23 6 21 4 23 11 13 10 18 3 21 
30 18 22 3 30 1 28 1 8 29 30 2 10 10 18 21 27 17 22 2 13 18 24 4 6 11 21 
23 1 23 3 20 1 22 2 9 9 11 16 18 19 20 9 18 14 20 6 16 9 17 11 15 
42 2 30 1 5 14 41 13 35 20 34 26 34 14 36 13 16 1 39 9 32 21 35 24 29 17 37 14 19 15 35 30 40 19 29 12 20 8 24 14 38 22 33 14 34 36 38 1 42 19 33 11 26 37 38 7 26 25 26 24 27 5 9 6 42 23 38 17 40 4 6 1 25 10 40 3 29 13 29 
9 3 6 2 9 5 8 2 4 2 8 1 3 4 8 1 4 
9 5 7 3 5 1 5 4 6 2 3 6 9 3 4 
11 5 9 5 7 8 10 4 5 9 11 6 10 5 10 8 9 4 10 1 2 
25 17 21 7 13 14 15 9 15 3 8 11 21 7 12 1 8 12 20 1 16 9 17 8 10 2 21 9 12 6 12 6 23 6 20 18 23 6 11 1 25 1 5 
11 2 11 1 5 3 5 1 4 1 3 2 10 6 8 4 9 
23 7 23 8 9 7 13 5 14 13 18 12 20 2 14 12 18 6 16 9 10 11 13 11 18 12 13 14 17 10 20 3 10 15 16 3 20 5 11 
8 2 7 5 6 6 8 
41 10 17 2 4 13 22 25 37 4 11 24 35 12 23 2 40 25 29 2 5 14 35 2 22 18 19 28 30 21 39 33 38 5 33 8 35 3 34 34 35 17 21 16 27 9 37 4 40 21 36 17 39 20 27 30 38 
10 8 10 2 7 5 10 6 10 3 4 3 9 1 9 5 8 7 9 
50 13 26 20 32 17 24 25 33 33 49 26 42 27 41 9 12 26 41 36 44 18 46 34 36 21 29 18 29 19 36 24 49 30 48 23 37 22 40 2 28 7 50 20 27 21 39 18 39 22 28 22 34 20 46 
48 37 48 10 16 13 37 7 23 26 28 4 19 34 42 32 46 33 36 12 13 25 48 41 46 8 33 5 21 17 41 22 39 5 31 4 47 12 39 21 35 2 16 23 27 38 48 
42 7 10 9 25 11 29 23 28 4 21 23 29 2 27 26 31 19 27 1 5 5 40 26 29 2 16 12 15 1 28 15 38 18 29 5 32 7 11 8 20 5 29 20 39 8 14 28 33 14 25 17 29 20 41 22 27 6 37 15 25 4 31 1 32 3 5 5 28 17 42 
20 7 15 6 10 8 15 2 12 10 16 4 18 4 10 7 20 15 18 12 14 2 3 2 4 13 14 11 16 11 20 6 20 13 15 17 18 1 11 
