100
6 1101151
6 0500001
6 0500001
6 1011501
2 101
0 1
6 0500001
6 1011501
2 011
2 101
2 011
4 10301
6 1015001
6 1101501
6 0500001
4 10131
6 0111501
6 1111011
6 1050001
2 011
3 1101
3 1101
6 0500001
0 1
5 110401
1 01
5 101141
3 1021
5 101111
5 040001
6 1050001
4 03001
2 101
4 10301
1 01
5 040001
5 040001
0 1
6 1101501
1 01
0 1
6 1050001
6 1050001
4 01301
4 03001
5 011141
2 101
6 0500001
6 1050001
6 1050001
6 1050001
0 1
6 0500001
2 011
6 1050001
6 0115001
6 0115001
3 0201
4 10131
6 0115001
0 1
6 1110501
6 0500001
2 011
4 01301
6 0500001
6 1050001
3 0121
6 1050001
6 1110501
3 0201
6 0115001
6 1050001
6 0150001
2 101
6 0500001
4 10301
3 0121
3 0111
2 101
4 01131
6 0115001
5 014001
6 1105001
6 1015001
2 011
5 011401
6 1015001
6 0150001
3 0201
2 011
6 0150001
0 1
6 0500001
6 1105001
6 0500001
6 1050001
0 1
0 1
2 101
